Acc: [0.85, 0.8, 0.8, 0.9473684210526315, 0.7368421052631579] 

KFOLD_AV: 0.8268421052631579 


Acc: [0.8, 0.8, 0.8, 0.9473684210526315, 0.631578947368421] 

KFOLD_AV: 0.7957894736842105 


Acc: [0.85, 0.8, 0.75, 0.9473684210526315, 0.7368421052631579] 

KFOLD_AV: 0.8168421052631578 



TEST ACCURACY: 0.9056603773584906 
Optimal Alpha: 0.0001