Acc: [0.830110497237569, 0.8516812528788577, 0.8374021188392445, 0.8346384154767388, 0.8470750806080147] 

KFOLD_AV: 0.8401814730080851 


Acc: [0.8287292817679558, 0.8585905112851221, 0.841087056655919, 0.8350990327038231, 0.7881160755412252] 

KFOLD_AV: 0.8303243915908091 


Acc: [0.8149171270718232, 0.8106863196683556, 0.8088438507600184, 0.8254260709350529, 0.8401658222017504] 

KFOLD_AV: 0.8200078381274001 



TEST ACCURACY: 0.8404889134574043 
Optimal Alpha: 1e-05