Acc: [0.7195767195767195, 0.7160493827160493, 0.7283950617283951, 0.7178130511463845, 0.7319223985890653] 

KFOLD_AV: 0.7227513227513228 


Acc: [0.7777777777777778, 0.7742504409171076, 0.7513227513227513, 0.7513227513227513, 0.7442680776014109] 

KFOLD_AV: 0.7597883597883597 


Acc: [0.7760141093474426, 0.7795414462081128, 0.7671957671957672, 0.7566137566137566, 0.7477954144620811] 

KFOLD_AV: 0.7654320987654322 



TEST ACCURACY: 0.7673333333333333 
Optimal Alpha: 0.0001