
Acc: [1.0, 0.972972972972973, 0.972972972972973, 0.918918918918919, 0.8888888888888888] 

KFOLD_AV: 0.9507507507507509 


Acc: [1.0, 0.972972972972973, 0.972972972972973, 0.918918918918919, 0.9166666666666666] 

KFOLD_AV: 0.9563063063063064 


Acc: [1.0, 0.972972972972973, 1.0, 0.918918918918919, 0.8888888888888888] 

KFOLD_AV: 0.9561561561561561 



TEST ACCURACY: 0.9714285714285714
Optimal Alpha: 0.0005